y
100
0.2498
0.2499
0.2552
0.2512
0.2448
0.2500
0.2535
0.2600
0.2497
0.2432
0.2521
0.2502
0.2575
0.2492
0.2452
0.2534
0.2529
0.2529
0.2454
0.2482
0.2523
0.2504
0.2542
0.2534
0.2448
0.2529
0.2520
0.2499
0.2506
0.2484
0.2529
0.2540
0.2587
0.2454
0.2465
0.2503
0.2525
0.2516
0.2480
0.2454
0.2528
0.2503
0.2682
0.2510
0.2480
0.2573
0.2539
0.2508
0.2512
0.2482
0.2528
0.2521
0.2500
0.2496
0.2520
0.2600
0.2521
0.2524
0.2467
0.2497
0.2524
0.2522
0.2476
0.2489
0.2552
0.2531
0.2529
0.2526
0.2484
0.2475
0.2522
0.2520
0.2489
0.2497
0.2578
0.2524
0.2521
0.2483
0.2460
0.2630
0.2508
0.2504
0.2529
0.2460
0.2506
0.2536
0.2534
0.2587
0.2462
0.2641
0.2627
0.2530
0.2531
0.2458
0.2476
0.2518
0.2496
0.2545
0.2490
0.2492
y
4
10